1000
125 114 799
571 331 739
522 351 578
42 798 449
111 326 589
683 924 637
699 268 206
650 277 743
472 217 695
65 138 650
828 263 764
980 186 448
71 708 151
650 102 301
451 214 628
40 897 552
29 597 173
236 599 802
979 71 19
26 137 509
676 317 772
792 297 959
592 721 19
743 723 122
45 174 688
25 566 937
577 595 534
102 183 485
905 514 557
276 540 694
786 216 11
558 361 661
869 953 382
889 697 105
363 94 279
51 119 845
988 48 792
875 151 976
712 56 490
269 684 31
963 470 599
975 29 312
636 250 266
370 491 315
475 206 761
754 609 880
951 950 928
743 177 431
71 889 839
562 159 524
945 122 994
896 449 375
561 437 626
827 807 469
494 282 676
255 388 285
487 691 235
415 787 412
199 858 302
38 772 461
562 69 935
909 966 737
284 527 174
262 706 334
84 552 968
760 807 709
45 294 400
633 61 187
45 260 46
699 651 170
512 565 240
448 474 558
185 111 437
711 725 143
397 809 695
366 569 854
75 967 500
827 952 561
15 349 174
413 49 177
583 561 742
823 361 569
733 898 680
170 610 405
313 7 567
360 725 488
566 152 455
66 980 759
980 347 109
154 760 158
331 695 71
425 871 785
994 604 683
26 775 645
784 440 5
351 153 82
839 719 235
647 786 215
406 766 562
515 272 674
25 955 369
449 380 240
234 375 197
269 753 972
267 537 412
624 888 565
706 728 637
941 375 423
156 781 541
70 297 813
744 674 120
466 123 500
706 709 227
255 979 981
227 598 518
992 222 759
909 928 487
546 870 214
321 378 347
214 449 996
379 545 671
499 11 794
0 70 856
579 325 187
912 905 785
783 249 7
542 510 287
381 57 157
595 730 888
942 945 689
291 324 234
962 176 598
108 528 668
964 107 345
151 372 250
288 155 851
295 697 362
935 78 771
444 25 501
332 319 798
21 610 475
608 924 651
206 33 179
226 349 638
571 853 10
174 141 165
25 789 214
739 724 644
510 168 21
364 501 341
162 874 303
989 834 580
992 392 965
171 618 314
162 542 519
524 68 661
42 445 802
256 185 526
253 695 46
274 411 899
967 574 774
623 915 960
203 908 353
168 431 971
834 945 865
354 470 933
367 512 379
169 120 564
47 373 611
93 0 23
993 319 949
119 942 864
79 497 124
432 17 556
756 852 501
621 558 323
907 277 835
286 798 956
202 845 681
165 290 33
540 283 353
489 754 647
706 834 145
182 618 162
90 374 366
592 348 924
267 255 201
103 541 999
411 95 196
444 260 487
478 801 122
831 642 877
478 700 711
975 883 681
138 973 56
504 917 404
781 185 11
334 640 552
686 403 999
882 847 259
721 325 412
844 508 407
73 339 107
136 314 342
817 804 316
873 309 585
629 442 122
640 776 762
544 462 165
543 697 365
155 770 690
919 966 551
326 39 890
786 175 204
480 993 361
148 218 670
734 200 464
208 840 240
971 737 55
488 632 104
853 787 874
896 59 841
447 737 232
337 523 408
893 4 753
254 152 323
276 238 523
92 447 716
685 770 453
740 610 85
196 464 225
70 712 284
263 511 21
848 200 897
256 93 253
361 700 757
684 328 348
560 421 795
276 458 565
729 198 527
166 746 343
743 168 55
379 432 566
753 280 766
650 888 212
255 601 264
364 637 944
712 197 717
507 473 175
424 554 725
952 73 471
295 816 640
703 196 424
621 949 56
740 951 296
304 558 897
568 922 534
864 987 84
582 494 557
757 271 464
483 575 537
306 222 705
946 277 901
722 899 202
778 639 505
426 943 415
675 863 690
562 727 677
646 309 523
203 419 794
19 254 721
556 560 296
262 859 573
515 933 472
70 64 463
575 490 758
343 166 621
33 80 349
710 726 10
585 281 781
732 301 35
453 857 948
749 471 159
323 987 444
147 57 508
963 984 351
721 327 869
343 360 949
44 422 675
406 8 956
188 740 257
575 545 467
875 647 938
34 970 925
479 469 334
339 432 319
690 154 646
559 849 359
860 245 133
535 651 141
844 839 233
453 767 131
272 642 778
211 29 100
488 860 569
823 199 354
142 242 860
140 153 709
499 14 954
633 901 957
126 745 149
712 551 916
843 823 910
621 34 939
721 875 151
642 50 703
996 192 945
208 684 450
269 184 464
575 169 718
533 295 463
682 359 366
950 202 190
860 823 576
152 896 451
303 891 501
6 887 45
303 448 730
754 717 266
570 293 787
288 826 82
104 860 794
470 162 996
12 374 172
589 526 68
392 182 959
246 540 199
291 196 999
373 302 716
991 872 9
778 513 187
213 969 47
7 439 561
355 452 936
527 393 462
948 785 996
259 31 537
810 675 85
809 400 387
526 392 259
887 522 124
75 735 93
474 94 885
36 450 689
972 977 82
786 277 219
783 537 251
672 347 278
757 157 678
144 35 70
755 922 945
232 349 32
677 176 127
562 564 929
603 888 258
37 674 536
257 809 73
860 833 420
138 590 929
816 86 316
239 194 591
536 426 292
568 103 468
47 18 384
976 973 272
235 11 299
771 620 108
196 480 942
968 970 884
250 138 323
566 377 517
157 265 295
450 834 750
270 881 120
655 858 94
927 445 105
226 568 725
687 116 557
981 84 527
217 334 665
540 253 395
409 410 660
704 212 494
807 483 728
927 490 938
21 769 383
478 348 303
555 35 419
464 16 503
991 233 190
9 126 443
756 535 205
416 592 770
263 399 605
343 678 95
281 52 864
16 530 212
319 438 599
738 902 967
593 246 553
135 255 679
578 363 566
136 131 158
906 394 909
863 89 940
958 370 992
174 386 874
739 57 312
338 147 567
306 741 813
211 228 420
890 159 135
456 295 266
967 553 13
228 416 102
168 726 473
512 900 211
387 639 621
51 330 768
618 988 861
783 199 90
555 441 249
690 249 896
957 216 449
970 797 217
424 317 943
897 830 195
461 217 835
82 268 517
202 239 505
64 22 704
506 930 145
755 972 394
651 281 963
452 251 112
669 676 429
964 925 259
159 738 476
346 820 97
863 23 336
720 439 710
776 945 992
273 700 965
20 703 246
983 507 850
447 528 878
876 492 155
136 651 894
964 350 714
413 213 89
101 934 528
812 710 825
156 336 877
121 356 580
720 691 439
570 138 967
448 14 459
603 502 463
497 819 813
564 232 378
5 334 664
886 498 727
711 6 63
589 128 419
521 848 110
961 770 248
280 570 614
92 173 117
555 23 288
720 939 872
450 296 558
115 182 56
842 246 415
257 835 543
676 708 743
138 669 513
386 302 83
352 394 608
821 301 983
109 21 922
982 823 571
540 938 753
949 132 999
364 389 186
259 417 895
2 555 916
867 293 218
302 646 612
910 467 913
894 577 286
168 911 110
739 803 400
845 752 885
844 468 274
383 727 692
278 81 247
194 300 541
765 602 539
377 513 6
643 759 935
281 279 198
743 371 2
496 568 106
381 764 575
655 147 654
699 425 88
299 972 388
192 737 991
731 466 856
89 461 967
377 95 246
575 838 969
929 334 537
36 67 302
963 723 449
617 774 227
57 73 199
446 617 288
437 348 106
293 790 568
260 167 663
858 742 853
180 24 540
717 60 607
371 23 682
821 992 457
400 50 882
951 496 500
239 285 200
345 930 990
265 190 157
928 400 252
134 580 276
674 650 688
281 21 63
316 194 55
773 594 457
7 545 305
507 136 590
708 482 520
50 99 62
560 380 815
164 514 395
792 188 397
480 821 419
895 137 613
950 262 560
760 270 457
65 777 594
8 837 428
880 240 527
943 800 907
110 316 773
857 108 961
255 940 135
674 835 272
639 137 535
551 897 805
9 315 934
955 323 124
383 203 364
262 498 516
522 608 832
295 466 292
609 73 232
744 747 419
16 738 556
551 290 806
708 651 473
643 606 796
119 341 351
483 955 202
999 477 162
183 125 980
475 734 53
59 478 152
478 494 891
34 398 533
192 458 184
665 453 142
813 572 483
517 407 438
71 406 268
233 941 393
566 416 127
619 827 605
772 305 451
15 692 201
548 884 660
84 902 113
226 715 686
61 232 93
499 655 852
767 889 145
512 455 914
639 426 741
596 198 47
48 565 739
249 465 975
909 549 877
375 775 593
413 836 177
506 688 833
710 807 74
856 320 529
770 311 307
863 908 858
910 308 423
1 909 889
977 819 438
854 546 566
799 959 754
329 465 794
162 528 954
236 736 274
117 858 937
776 721 197
634 984 505
58 985 767
947 314 938
737 521 484
655 320 443
410 649 260
204 163 788
158 751 876
784 868 734
74 997 808
271 631 792
129 689 129
248 988 444
186 726 965
670 381 285
113 143 287
725 700 450
866 858 202
742 995 422
829 421 419
637 44 51
429 525 740
558 773 81
354 959 807
319 629 540
957 94 684
244 820 384
46 38 594
248 780 941
671 609 362
442 598 407
493 27 284
586 938 58
667 292 369
826 612 999
366 921 445
402 517 617
786 563 655
733 812 788
674 835 749
389 277 348
148 123 727
432 61 665
490 80 958
860 258 922
211 976 195
8 379 712
626 517 275
633 250 439
773 277 274
523 666 904
223 814 379
950 598 440
968 89 872
278 301 130
552 864 106
747 224 837
459 202 355
86 836 957
526 961 234
152 484 252
408 59 418
787 10 17
579 330 458
803 608 111
933 160 975
392 907 199
229 718 402
936 804 590
894 682 551
480 187 388
733 595 799
151 735 161
168 666 491
978 470 99
89 755 259
64 499 518
616 729 236
370 665 393
312 911 427
215 392 614
955 477 210
755 628 297
916 149 315
408 127 785
859 217 893
471 633 744
341 601 473
930 971 491
323 635 754
102 851 146
717 806 623
279 561 604
576 830 105
243 590 232
29 449 801
274 272 787
18 614 388
844 544 712
687 867 347
441 969 198
940 38 5
915 317 918
519 245 748
624 489 338
209 870 140
362 496 412
149 866 26
538 710 570
250 749 789
597 543 111
148 483 501
505 398 171
423 918 416
524 894 257
214 455 479
706 818 975
119 319 194
497 209 256
420 459 6
561 409 549
24 909 32
526 414 782
697 189 52
465 65 947
75 632 754
554 338 924
882 809 244
76 659 453
332 79 265
690 992 26
239 17 935
623 895 701
406 944 242
458 761 308
757 188 940
864 95 630
788 329 440
32 757 99
838 441 530
103 132 522
481 723 891
416 347 138
469 105 434
711 915 548
371 25 736
663 889 831
294 677 512
86 62 269
185 900 711
67 355 843
941 836 566
185 604 265
323 73 722
110 136 638
658 508 15
746 523 904
930 817 933
442 903 347
712 440 247
423 507 954
618 801 790
536 986 394
802 661 819
524 123 956
514 781 816
881 880 691
785 162 509
71 604 764
770 668 557
18 91 416
324 61 217
115 598 555
861 400 217
681 276 340
989 143 474
157 24 706
848 162 868
709 585 472
826 355 141
383 725 584
151 50 646
721 165 244
276 26 996
493 59 272
186 400 767
660 557 792
366 758 306
234 467 891
58 293 246
551 28 972
136 532 374
134 253 891
378 529 269
726 375 329
350 561 729
118 573 639
262 939 397
568 525 864
811 935 510
57 487 890
381 975 422
107 109 675
998 839 557
268 565 932
597 915 493
678 385 66
317 647 357
714 215 234
931 26 169
793 436 8
35 169 983
458 277 444
485 275 283
394 543 200
326 492 116
819 171 853
237 840 501
594 907 68
180 838 447
702 983 235
710 18 404
694 476 33
138 314 309
774 708 204
974 387 697
442 206 220
296 796 412
797 742 319
217 923 157
664 625 140
899 335 159
304 381 987
689 872 653
998 998 714
555 972 101
604 767 307
176 63 455
588 212 198
908 429 473
65 94 98
558 345 785
69 1 519
408 691 743
62 41 741
776 596 65
877 552 832
536 728 895
344 317 459
542 225 889
15 642 335
465 552 32
602 621 34
121 30 77
216 444 118
957 572 67
23 801 619
207 689 348
455 33 17
914 575 242
155 942 884
842 759 789
875 362 410
261 835 792
338 52 236
808 361 160
875 736 961
847 296 651
195 751 684
212 665 612
806 173 906
42 15 666
831 242 380
594 503 567
386 193 971
975 2 685
135 877 421
449 724 717
100 271 820
136 835 838
748 993 11
7 36 378
25 219 621
757 813 476
324 200 670
648 527 672
333 14 549
106 463 626
176 563 249
996 52 85
834 800 78
197 159 466
576 184 686
549 941 499
377 618 51
47 266 578
719 599 945
621 705 408
599 881 324
848 230 376
285 416 528
716 614 688
182 542 872
868 443 166
720 820 784
123 868 50
54 939 649
999 912 706
407 863 940
731 712 170
107 349 586
636 65 552
324 248 446
548 468 889
714 540 62
498 664 282
900 718 221
549 717 486
608 124 349
548 208 413
70 315 763
8 303 828
561 979 428
359 528 249
601 594 789
663 445 453
945 345 523
518 247 240
356 855 717
706 755 925
119 825 592
234 833 248
63 746 227
843 458 107
92 59 702
882 722 499
687 19 844
563 889 443
803 246 650
872 304 405
149 775 582
742 10 768
990 425 866
217 268 324
677 713 383
379 947 457
878 986 476
74 549 366
518 705 964
520 577 268
278 727 43
860 821 53
980 811 830
847 380 451
171 57 164
907 788 111
364 18 449
193 93 999
911 963 704
875 483 281
143 761 360
538 974 181
944 954 344
774 153 77
225 677 134
741 584 275
204 300 293
654 845 738
653 756 701
709 983 537
990 478 298
703 17 624
884 961 579
